11111111111111111111111111111111111111111
10001000001010000000100000001000000000001
10101110111011111110111110111010111011111
10100000001000100000100000101010001000001
10111111111110101010101111101111101011101
10000000000010001010101000001000001010101
11111011111111101111101011101111101110101
10001010101010000010000010101000001010001
10101010101011111010111110111011111011111
10100000000010101000001010100000101010001
11111010111010101010111010111010101010111
10100010101010000010000000101010000010001
10111010101011101111111111101010111011101
10101010100000000010001000001010101000001
10101111111010111010101010111011101111111
10000000000010101010100010001000001000101
10101111111110101111111011111010111110101
10101010000010000000001000100010000000101
11101011111010111011111110101110101111101
10000000001000001000000000001000101000101
10111111111110111011111111111110111011101
10101000101000101000100010000000000010101
10101010101011101111101011111011111010101
10001010100000101000101010000010000010101
10111010101111101110101011111110111010101
10100010001000000000001000000000100000001
10101110111011101111101111111110111111111
10101000100010101010000000101000000010001
11111110111110101011101110101110111011101
10000000001000000010000010100000001000001
11111111111111111111111111111111111111111
