11111111111111111111111111111111111111111
10001010000010000000000010000000001010001
10101010111110111011111011101011111010111
10100010001000001010100000101000100000101
11111010111110111110111111111010111010101
10000010001000100010000000101010000010001
11111010111110101011111010101011111110101
10000000000000101000000010000010101000101
10111111111011101111101111111010101111101
10100010000000001010000000001000100010001
10111010111110101010101010111011101011101
10001000000010101000101010100000101010001
11111111111110111011101111111010111011101
10001000000000001010001000001010000010001
10111011101111101011101110101011101110101
10100010100000101010101000101010001000101
10111010101111111110111011101011111111111
10000000100010100000000000100000100010001
10111011111010101111111111101111101010101
10100010101010000010001010100010101010101
10111110101110111010101010101110101010111
10000010000010001000100010001010001000101
10101110111111111011111010111011101110101
10100010001000100000101010000000001000001
11111010111011111111101011111011111111111
10101000100000001010100000101000100000001
10101110111111101010101011101110111010111
10000000101010100000001000100000000010001
10101110101010101110101010111011111111101
10100010100000001000101010100000000000101
11111111111111111111111111111111111111111
