11111111111111111111111111111111111111111
10000000100000000010001010101000100000001
10111111111010111111101010101011111011111
10001010101010001010000010000010000010001
10101010101011101011101010111011111011101
10101000100000101000001000100010000000001
10101011111111101010111110101010111111101
10100000100010001010100010101010101010001
11111110101010111011101110111010101010101
10000000101000001000001000001010000010101
10111010111110111110101111111111101111101
10100010000000000010100000000010101010101
11111111111111111011111011111110101010111
10000000001000100010000010000010100000001
10111110101110101010101010111110111011111
10001000101000101000101010100000100000001
10111110111110111110111010101110111010111
10101010100000000010100010000010000010001
10101010101111111010101110111110101011111
10000010001000000000100010101000101000101
11101111111011111111111111101011101110101
10000010000000000010100000001010001000101
11101110111011111110111011111011111011101
10001000001000000000000000100000101010001
11101011101111111111101110111111101011101
10001010001000000010001010001000100010001
10101010111011101110111011101010101111101
10101010100010001000000010000010100000001
10101110111011111011101111101010101110111
10101000000000100010000010001010000010001
11111111111111111111111111111111111111111
